851001 4 4 7 4 7 Aaron
851001 6 4 7 4 7 Abram
851001 6 5 7 5 7 Amir
851001 7 9 6 8 9 Bahram
851001 10 10 10 10 10 Capitan
851001 10 10 10 10 4 Eugeniy
851001 4 4 4 4 4 Ilya
851001 10 10 10 10 10 Sheldon
851001 9 8 8 8 8 Vadrdan
851001 9 8 8 8 8 Cardan
851001 9 8 8 8 8 Daniil
851002 9 8 7 8 8 Radrdan
851002 10 4 8 8 8 Mardan
851002 10 10 8 8 10 Slava
851002 4 9 4 4 4 Stas
851004 10 10 10 10 10 Alekset
851004 5 5 5 5 4 Ali
851004 8 8 8 8 8 Anatoliy
851004 9 8 7 8 9 Arsen
851004 6 7 7 7 7 Blez
851004 9 9 9 10 10 Carry
851004 8 6 9 10 9 Lena
851006 10 10 10 10 9 Andrey
851006 10 9 9 9 8 Angelina
851006 9 10 10 10 10 Gleb
851006 6 6 6 7 5 Gvriil
851006 10 10 10 10 9 Ivan
851006 10 10 10 10 10 Nikolay
851006 10 10 9 8 8 Tamara
851006 6 6 6 6 6 Eva
